0 2.76222 0.840656 0.266419 0.801837 0.374916 1.39144 0.922034 0.769351 1.05809 1.52094 0.874527 0.454385 0.992767 13.9177 0.589195 5.71868 1.1196 0.63311 0.369414 1.5319 0.258815 0.362291 0.377637 1.29754 0.635523 0.326294 1.52643 2.14466 4.62568 0.592475 6.67101 0.50846 0.479652 0.69131 0.686361 0.51091 0.894546 0.387121 0.516722 0.817864 0.764579 1.19849 1.05113 0.77385 0.400828 0.602262 0.49337 1.05518 0.422092 0.737456 1.52692 0.539805 0.663275 0.428423 0.716169 0.369837 0.407484 3.3783 0.590479 0.813052 0.784081 1.26004 0.586875 0.821594 0.324749 2.20788 0.239848 0.579413 2.6145 0.867084 0.723194 1.7049 1.21504 2.4267 0.203465 0.663708 0.970561 1.19612 0.834843 1.98826 1.33937 9.81875 1.00936 0.353751 0.294046 0.771392 15.3334 1.04211 93.8035 1.27762 1.12516 0.746373 46.9234 0.482911 1.38224 1.12562 6.42138 0.601924 0.769364 2.04357 1.51655 0.900868 0.998794 0.354663 0.230035 
2.76222 0 3.56523 2.83066 3.52985 2.75898 1.68618 1.95219 3.47473 3.77098 1.42265 1.90311 3.14467 3.70739 11.1783 3.26059 3.03404 3.83615 2.18797 2.60339 1.55291 2.76091 2.85175 2.91974 1.63873 2.17746 2.96454 1.57543 0.858499 1.99349 2.24178 4.06386 2.76309 3.06925 3.25427 3.02056 3.24101 3.63426 3.01323 2.83848 1.95535 2.25105 3.88895 1.98973 3.44591 2.63192 3.18083 2.73096 3.76698 2.54082 3.18199 1.2726 3.11678 2.18041 3.06024 2.11012 2.78049 3.06522 1.07395 2.25842 3.52909 3.44337 3.93859 2.28088 3.50863 2.71349 0.962196 2.80945 2.28337 0.546354 3.38283 3.40783 1.09024 1.6731 0.725114 2.71245 3.32221 3.69278 1.70795 3.47887 0.815635 1.51255 7.11474 3.70317 3.06588 2.66662 2.10884 12.6352 3.75742 91.0785 1.60383 1.82735 3.42462 44.1967 2.86027 1.44939 1.86513 3.71852 3.19874 3.47751 1.50671 1.56342 1.97569 3.70626 2.55856 2.85711 
0.840656 3.56523 0 0.748004 0.246757 1.00604 2.13203 1.72064 0.119273 0.296262 2.35374 1.68077 0.50857 0.192463 14.7061 0.5106 6.53096 0.335598 1.40497 1.04513 2.26805 0.824705 0.898982 0.705486 2.04263 1.41764 0.639227 2.24728 2.91526 5.41424 1.41484 7.4543 1.02512 0.577263 0.729056 1.10185 0.373326 0.310556 0.621279 0.974168 1.6334 1.40489 0.397856 1.70894 0.279423 1.12532 0.514548 1.07383 0.281801 1.18209 0.894438 2.32332 0.787845 1.44436 0.586935 1.52797 0.952722 0.653537 4.14591 1.38889 0.170892 0.226667 0.475311 1.3325 0.19321 1.02905 2.97158 0.855822 1.31023 3.42296 0.855686 0.426443 2.51237 2.02736 3.2414 0.875266 0.344678 0.209945 2.03079 0.283427 2.79066 2.13758 10.6176 0.238851 0.649771 0.917443 1.58328 16.1134 0.228653 94.5866 2.04843 1.90394 0.427472 47.7134 0.879086 2.17593 1.85723 7.21845 0.777844 0.202252 2.72924 2.27714 1.64456 0.244442 1.03008 0.811521 
0.266419 2.83066 0.748004 0 0.755007 0.515763 1.4334 1.02458 0.657305 0.974412 1.65052 0.960505 0.445694 0.891216 13.9707 0.605511 5.79744 1.03701 0.665507 0.446709 1.57227 0.149265 0.451201 0.258629 1.3243 0.701378 0.274585 1.53034 2.18917 4.67847 0.739709 6.74043 0.621531 0.326837 0.703353 0.868332 0.474793 0.838807 0.273104 0.629226 0.909826 0.757988 1.08966 1.00636 0.677642 0.632765 0.492859 0.597526 0.970817 0.600911 0.804016 1.59091 0.677575 0.743647 0.394914 0.850726 0.483621 0.411993 3.42176 0.719723 0.714346 0.643817 1.15521 0.59913 0.709453 0.54939 2.24267 0.412432 0.586072 2.68592 0.930474 0.70496 1.78398 1.31668 2.50583 0.223493 0.515664 0.885417 1.35241 0.707158 2.05539 1.41233 9.88716 0.905085 0.481609 0.263397 0.88506 15.3832 0.940174 93.8552 1.308 1.23305 0.700156 46.9811 0.514916 1.45297 1.14917 6.48242 0.747032 0.662675 2.04112 1.57282 0.91372 0.912444 0.302501 0.341009 
0.801837 3.52985 0.246757 0.755007 0 0.917754 2.09464 1.67209 0.254878 0.41427 2.28044 1.6404 0.490922 0.330062 14.6689 0.497919 6.48372 0.432346 1.38314 0.994769 2.22039 0.815651 0.819333 0.718639 2.01125 1.38835 0.678905 2.24701 2.88178 5.38319 1.36832 7.40815 0.951985 0.562893 0.597364 1.00096 0.418204 0.333081 0.590636 0.883939 1.59569 1.38958 0.509011 1.71896 0.349279 1.04182 0.560461 0.985979 0.388825 1.11662 0.728596 2.2824 0.627046 1.3989 0.579686 1.46691 0.852933 0.634023 4.11548 1.32777 0.206865 0.351165 0.592316 1.31125 0.293358 0.938927 2.94014 0.767587 1.28686 3.37447 0.712152 0.430031 2.46263 1.97933 3.19104 0.84974 0.472802 0.296118 1.95568 0.401649 2.75375 2.09344 10.5701 0.375834 0.550309 0.881546 1.53533 16.0795 0.380716 94.5506 2.03203 1.83875 0.410062 47.673 0.81956 2.1482 1.84401 7.17591 0.614453 0.301007 2.72185 2.2226 1.62516 0.359078 1.01811 0.749656 
0.374916 2.75898 1.00604 0.515763 0.917754 0 1.30617 0.871121 0.936751 1.23811 1.44507 0.938866 0.723704 1.15095 13.8672 0.833779 5.6488 1.28886 0.67459 0.619246 1.45962 0.481868 0.154276 0.540842 1.27735 0.683072 0.62932 1.49308 2.11258 4.56514 0.670044 6.59842 0.776647 0.637459 0.683691 0.601808 0.746267 1.00139 0.509795 0.76403 0.874858 0.980132 1.37155 1.11933 0.998219 0.551459 0.888882 0.250587 1.23273 0.3471 0.555096 1.54361 0.627663 0.753598 0.734418 0.783534 0.237699 0.495993 3.31091 0.6999 0.94778 0.988189 1.45036 0.614778 1.0104 0.444727 2.14507 0.370015 0.646623 2.55851 0.705012 0.961739 1.69811 1.21111 2.35795 0.405593 0.827205 1.12816 1.14651 1.0622 1.9939 1.2864 9.76558 1.19809 0.459511 0.512799 0.682037 15.266 1.2046 93.7391 1.25797 1.19919 0.956175 46.8566 0.769482 1.4435 1.09792 6.35821 0.583471 0.940426 1.96472 1.40522 0.912461 1.18539 0.497029 0.436105 
1.39144 1.68618 2.13203 1.4334 2.09464 1.30617 0 0.548099 2.04001 2.38535 0.856872 0.818782 1.81711 2.27488 12.6534 1.96555 4.46814 2.44639 0.833269 1.34696 0.338368 1.33826 1.37817 1.43764 0.301573 0.796707 1.58434 0.417333 0.941638 3.33858 1.05692 5.38146 1.56799 1.62981 1.86688 1.73742 1.85474 2.21468 1.55488 1.61654 0.806471 1.14228 2.49184 0.66532 2.09345 1.38883 1.8814 1.22215 2.37748 1.11147 1.6806 0.822474 1.7836 1.03173 1.75606 1.01014 1.30135 1.60562 2.06594 1.05179 2.10038 2.04347 2.5653 0.867206 2.09878 1.4196 0.912317 1.44713 0.876638 1.4438 1.86047 2.09302 0.862424 0.853166 1.33643 1.28262 1.8543 2.27731 0.836239 2.12158 1.04814 0.398586 8.57526 2.31434 1.65583 1.29493 0.769758 14.0257 2.33835 92.5065 0.44018 0.962606 2.08441 45.6326 1.62335 0.921627 0.374111 5.15609 1.82297 2.0708 0.750292 0.337139 0.597533 2.32419 1.15127 1.52134 
0.922034 1.95219 1.72064 1.02458 1.67209 0.871121 0.548099 0 1.63847 1.95808 0.787226 0.449619 1.35455 1.86794 13.0517 1.48868 4.83746 2.02194 0.448271 0.887234 0.713269 0.931248 0.960175 1.05818 0.514816 0.374495 1.14527 0.766432 1.30904 3.74551 0.559031 5.78409 1.09452 1.24614 1.44446 1.24748 1.40704 1.78442 1.15634 1.14267 0.395001 0.805478 2.08594 0.621326 1.6672 0.865079 1.4519 0.832225 1.95451 0.6252 1.30674 0.841888 1.30711 0.61045 1.30171 0.550666 0.881163 1.17457 2.50091 0.573783 1.6936 1.64639 2.15203 0.499315 1.69126 0.910187 1.34562 0.979642 0.515244 1.75934 1.48186 1.62754 0.954825 0.637911 1.59639 0.857428 1.47262 1.85742 0.550736 1.71137 1.21626 0.496969 8.95351 1.90024 1.18919 0.886042 0.330441 14.4487 1.9288 92.9231 0.530444 0.678265 1.63444 46.0422 1.17531 0.794848 0.39521 5.54798 1.35559 1.65537 1.2494 0.67967 0.395216 1.89927 0.76346 1.05314 
0.769351 3.47473 0.119273 0.657305 0.254878 0.936751 2.04001 1.63847 0 0.390078 2.27346 1.5954 0.467648 0.275256 14.608 0.507167 6.43939 0.426758 1.31364 0.966349 2.16938 0.733704 0.826395 0.616668 1.94608 1.32937 0.580154 2.15271 2.81717 5.31895 1.34401 7.35975 0.962281 0.483579 0.690315 1.08737 0.344917 0.369171 0.533809 0.91331 1.54887 1.31259 0.471861 1.60968 0.262357 1.0725 0.462547 0.995646 0.367769 1.11752 0.838328 2.23206 0.747327 1.36176 0.528084 1.45024 0.87692 0.608731 4.04816 1.31054 0.150904 0.163456 0.552537 1.23984 0.183995 0.973649 2.87399 0.785491 1.21451 3.331 0.827526 0.441916 2.42107 1.94775 3.15344 0.788055 0.284881 0.29426 1.95516 0.263426 2.70144 2.04574 10.5216 0.307021 0.605765 0.820672 1.50436 16.0151 0.314814 94.4878 1.95557 1.81987 0.430044 47.6155 0.806155 2.09259 1.76733 7.12196 0.749949 0.197312 2.63151 2.18142 1.54762 0.326018 0.933906 0.745731 
1.05809 3.77098 0.296262 0.974412 0.41427 1.23811 2.38535 1.95808 0.390078 0 2.55574 1.88208 0.650561 0.190654 14.9275 0.581382 6.75667 0.102132 1.6319 1.22128 2.52345 1.05957 1.13708 0.973537 2.28449 1.65216 0.850593 2.49353 3.15261 5.64696 1.60219 7.69815 1.17033 0.798259 0.845083 1.22002 0.569299 0.329475 0.857072 1.11843 1.84068 1.59507 0.199319 1.94714 0.352105 1.2952 0.615983 1.33519 0.0963898 1.40751 1.12601 2.5225 0.936542 1.62824 0.732864 1.71575 1.19474 0.862888 4.39143 1.58037 0.351979 0.393196 0.237516 1.5653 0.326391 1.203 3.21144 1.07636 1.54995 3.64049 1.07766 0.444499 2.71951 2.21409 3.44839 1.12105 0.595708 0.157029 2.2341 0.342161 2.98999 2.37447 10.8397 0.133682 0.862022 1.14681 1.80769 16.3491 0.146728 94.8173 2.27746 2.09434 0.437855 47.9429 1.02863 2.3574 2.10363 7.44548 0.950238 0.335835 2.99097 2.52629 1.88301 0.0951473 1.26759 0.988509 
1.52094 1.42265 2.35374 1.65052 2.28044 1.44507 0.856872 0.787226 2.27346 2.55574 0 0.765847 1.92899 2.49363 12.5009 2.02517 4.27846 2.61834 1.04161 1.44235 0.875386 1.5768 1.55336 1.75013 0.826309 1.03194 1.78777 0.989595 1.03627 3.26149 1.01763 5.30919 1.63803 1.86812 1.9365 1.64601 2.02348 2.36543 1.78812 1.6936 0.81305 1.30234 2.69284 1.16386 2.25403 1.3853 2.01597 1.459 2.55313 1.25031 1.8771 0.527286 1.85128 0.97952 1.87695 0.871385 1.49443 1.8032 2.12177 1.08655 2.3005 2.26655 2.75193 1.12718 2.30879 1.4376 1.08645 1.5535 1.16939 1.24622 2.07339 2.19725 0.506865 0.476484 0.99353 1.51434 2.14143 2.46537 0.379365 2.30758 0.730529 0.568657 8.41821 2.50724 1.78028 1.49447 0.843374 13.9366 2.54612 92.3868 0.724636 0.915658 2.20691 45.4964 1.73729 0.598928 0.942734 5.00792 1.88522 2.25816 1.33474 0.726239 0.950751 2.49761 1.39947 1.6009 
0.874527 1.90311 1.68077 0.960505 1.6404 0.938866 0.818782 0.449619 1.5954 1.88208 0.765847 0 1.2551 1.82017 13.0673 1.37553 4.88497 1.94699 0.393125 0.744476 0.900674 0.891342 1.01439 1.07899 0.636194 0.387116 1.09918 0.917201 1.35065 3.80241 0.429486 5.86884 0.960656 1.19795 1.38811 1.24265 1.35531 1.73889 1.13903 1.03074 0.171205 0.576405 2.00754 0.628996 1.56276 0.810634 1.30899 0.969557 1.87789 0.74203 1.39502 0.662279 1.26569 0.310456 1.17984 0.265603 0.946649 1.19662 2.59269 0.441854 1.64067 1.56889 2.06156 0.49271 1.62422 0.86271 1.43791 0.950617 0.500923 1.78507 1.59586 1.52443 0.84986 0.451837 1.60104 0.849183 1.46412 1.80049 0.517038 1.60551 1.12207 0.613843 8.98238 1.82056 1.18546 0.798797 0.464954 14.5025 1.87081 92.9632 0.571807 0.541241 1.53601 46.0822 1.03129 0.540704 0.634915 5.58257 1.35985 1.58806 1.44976 0.876917 0.417023 1.8191 0.715939 0.967464 
0.454385 3.14467 0.50857 0.445694 0.490922 0.723704 1.81711 1.35455 0.467648 0.650561 1.92899 1.2551 0 0.63139 14.3104 0.215581 6.12676 0.716937 1.03796 0.593189 1.94888 0.52599 0.661059 0.546324 1.70155 1.05314 0.337991 1.93679 2.54913 5.03516 0.961967 7.08338 0.570161 0.432694 0.610003 0.799335 0.219452 0.562818 0.438106 0.538909 1.20761 1.01133 0.800748 1.40888 0.368519 0.664281 0.267714 0.853135 0.654424 0.834423 0.846274 1.90383 0.483768 1.01613 0.136184 1.08847 0.687767 0.461147 3.79534 0.938989 0.493099 0.449423 0.846716 0.991139 0.467685 0.586476 2.62146 0.500445 0.972765 3.01551 0.915128 0.277912 2.09492 1.59853 2.8294 0.565279 0.493325 0.590407 1.60289 0.446914 2.36816 1.76328 10.2116 0.612038 0.389502 0.579544 1.20568 15.7387 0.670896 94.2024 1.68575 1.45694 0.328933 47.3232 0.45693 1.73792 1.53968 6.82365 0.593303 0.419165 2.45876 1.94624 1.3036 0.592317 0.712046 0.388196 
0.992767 3.70739 0.192463 0.891216 0.330062 1.15095 2.27488 1.86794 0.275256 0.190654 2.49363 1.82017 0.63139 0 14.8483 0.607157 6.67809 0.22764 1.54865 1.17172 2.41557 0.963768 1.04102 0.859883 2.18392 1.56637 0.787876 2.39181 3.06387 5.55972 1.55425 7.60919 1.15222 0.681614 0.777027 1.20138 0.52276 0.30769 0.744169 1.09896 1.77699 1.53822 0.255286 1.84693 0.341091 1.26129 0.595233 1.2298 0.180997 1.32365 1.01673 2.4598 0.9103 1.57147 0.710736 1.66448 1.09118 0.769834 4.29481 1.52371 0.252297 0.301158 0.340395 1.47272 0.216988 1.1605 3.11192 1.01723 1.458 3.56199 0.974308 0.494184 2.65401 2.15472 3.37384 1.03027 0.472708 0.10095 2.17607 0.316849 2.92511 2.28865 10.7638 0.16158 0.797003 1.0629 1.73049 16.2587 0.101054 94.7313 2.18929 2.04291 0.450551 47.8587 1.00571 2.30703 2.00089 7.36353 0.912252 0.265492 2.87437 2.41957 1.7894 0.183772 1.17635 0.940302 
13.9177 11.1783 14.7061 13.9707 14.6689 13.8672 12.6534 13.0517 14.608 14.9275 12.5009 13.0673 14.3104 14.8483 0 14.4354 8.26279 14.9893 13.3191 13.7487 12.4941 13.8938 13.9588 14.0309 12.6848 13.3062 14.1172 12.5266 11.7986 9.33035 13.4002 7.43719 13.8904 14.1905 14.3709 14.1371 14.3998 14.7869 14.1382 13.9604 13.1137 13.3678 15.0298 13.0327 14.5962 13.7789 14.3363 13.8023 14.9184 13.662 14.2288 12.4258 14.2369 13.3394 14.2196 13.2727 13.885 14.2006 10.6124 13.404 14.666 14.5773 15.0832 13.3983 14.6483 13.86 11.7737 13.952 13.401 11.3369 14.4253 14.5725 12.2345 12.804 11.576 13.8461 14.4431 14.8421 12.8211 14.622 11.9646 12.5983 4.26467 14.8496 14.2096 13.8004 13.2229 1.92221 14.9003 79.9105 12.6871 12.9198 14.5796 33.0353 13.9901 12.6155 12.9053 7.51687 14.3142 14.6253 12.1288 12.5104 13.0717 14.86 13.6843 14.0103 
0.589195 3.26059 0.5106 0.605511 0.497919 0.833779 1.96555 1.48868 0.507167 0.581382 2.02517 1.37553 0.215581 0.607157 14.4354 0 6.24881 0.648914 1.18195 0.770505 2.10282 0.68811 0.773917 0.701929 1.85345 1.19869 0.470307 2.08261 2.69221 5.16692 1.08239 7.21712 0.750478 0.575839 0.617536 0.774966 0.278449 0.501702 0.581971 0.722036 1.33939 1.17173 0.751785 1.56743 0.3811 0.785234 0.330533 0.980043 0.597779 0.948577 0.930125 2.01884 0.607707 1.12268 0.328842 1.18696 0.818789 0.547892 3.93666 1.08896 0.505662 0.495463 0.784749 1.13852 0.486457 0.709478 2.76524 0.625239 1.12954 3.14601 0.967407 0.266976 2.21111 1.69309 2.9411 0.723503 0.573504 0.548934 1.69928 0.458817 2.48201 1.90072 10.3455 0.575458 0.47353 0.745623 1.32428 15.8716 0.633421 94.3321 1.82438 1.61442 0.357712 47.4511 0.653001 1.83872 1.68645 6.95286 0.639512 0.419566 2.61176 2.09087 1.45517 0.537745 0.871988 0.529248 
5.71868 3.03404 6.53096 5.79744 6.48372 5.6488 4.46814 4.83746 6.43939 6.75667 4.27846 4.88497 6.12676 6.67809 8.26279 6.24881 0 6.82036 5.13708 5.56818 4.33073 5.71688 5.74734 5.8532 4.52085 5.11608 5.93398 4.37508 3.65053 1.24595 5.19059 1.3515 5.71106 6.02427 6.17855 5.89901 6.21139 6.5931 5.95638 5.77781 4.92246 5.23971 6.87539 4.90501 6.43596 5.56083 6.18411 5.59167 6.75137 5.43665 6.0254 4.26688 6.02535 5.16068 6.04651 5.07926 5.67774 5.99308 2.50102 5.20629 6.49286 6.42374 6.93328 5.21644 6.48544 5.64134 3.61874 5.75163 5.22768 3.13731 6.21182 6.38915 4.06251 4.60991 3.37824 5.65895 6.27142 6.66661 4.59594 6.47326 3.80368 4.39943 4.16605 6.6897 5.99727 5.63172 5.00255 9.67739 6.7326 88.1177 4.51186 4.73803 6.39879 41.2274 5.8245 4.4567 4.72471 0.850808 6.09525 6.45205 4.02324 4.32173 4.90336 6.69283 5.51196 5.81019 
1.1196 3.83615 0.335598 1.03701 0.432346 1.28886 2.44639 2.02194 0.426758 0.102132 2.61834 1.94699 0.716937 0.22764 14.9893 0.648914 6.82036 0 1.69573 1.28365 2.57771 1.12189 1.18638 1.03002 2.34576 1.71526 0.922273 2.55703 3.21109 5.71056 1.67088 7.75626 1.22142 0.854937 0.886452 1.27765 0.637034 0.371116 0.915833 1.16583 1.90543 1.65429 0.152509 2.00902 0.405459 1.35658 0.686172 1.37724 0.0987927 1.47196 1.14126 2.58595 0.969448 1.6941 0.796408 1.77934 1.24397 0.933373 4.45108 1.6439 0.379813 0.441613 0.195123 1.6284 0.379339 1.26486 3.27358 1.12454 1.6098 3.70561 1.0845 0.507106 2.78089 2.28236 3.51582 1.17979 0.655465 0.206449 2.29585 0.394873 3.05723 2.43491 10.9 0.163456 0.912617 1.20081 1.87156 16.4104 0.161555 94.8784 2.34279 2.1531 0.503915 48.0042 1.07647 2.42661 2.16961 7.50709 0.972982 0.398811 3.04884 2.58288 1.94401 0.13644 1.32696 1.04964 
0.63311 2.18797 1.40497 0.665507 1.38314 0.67459 0.833269 0.448271 1.31364 1.6319 1.04161 0.393125 1.03796 1.54865 13.3191 1.18195 5.13708 1.69573 0 0.575401 0.968989 0.592462 0.724742 0.760124 0.706012 0.173983 0.839526 0.926048 1.54596 4.02254 0.401956 6.09435 0.84229 0.910491 1.16316 1.09568 1.10223 1.47309 0.840262 0.894526 0.332821 0.538554 1.75045 0.515346 1.32277 0.70536 1.09494 0.686316 1.62747 0.529232 1.13863 0.964824 1.07672 0.362318 0.965989 0.441294 0.687715 0.912542 2.77435 0.408588 1.36538 1.30047 1.81368 0.127922 1.3621 0.707701 1.59371 0.73722 0.187614 2.02706 1.32068 1.31154 1.1472 0.736716 1.85201 0.554105 1.15168 1.5401 0.793345 1.35859 1.41569 0.761119 9.23432 1.56557 0.955576 0.544903 0.366064 14.731 1.60022 93.2032 0.655475 0.742642 1.30908 46.3269 0.8657 0.865294 0.564135 5.8252 1.15399 1.31985 1.45999 0.949707 0.291762 1.57093 0.388487 0.74372 
0.369414 2.60339 1.04513 0.446709 0.994769 0.619246 1.34696 0.887234 0.966349 1.22128 1.44235 0.744476 0.593189 1.17172 13.7487 0.770505 5.56818 1.28365 0.575401 0 1.44616 0.413935 0.635063 0.620154 1.19186 0.59049 0.557795 1.4761 2.00491 4.48469 0.492563 6.53577 0.336719 0.620521 0.881889 0.911239 0.738167 1.10858 0.58652 0.372566 0.67225 0.52001 1.34607 0.968246 0.894434 0.385367 0.686321 0.720826 1.21317 0.57409 0.96001 1.3837 0.642936 0.581595 0.50768 0.650299 0.565861 0.686877 3.25837 0.396097 1.00165 0.928969 1.39491 0.569666 0.972693 0.365129 2.08627 0.453017 0.541703 2.45296 1.14245 0.844084 1.56569 1.12231 2.29601 0.41535 0.901507 1.14219 1.1313 0.95077 1.83381 1.24269 9.64119 1.16216 0.627629 0.317462 0.783016 15.1782 1.21999 93.6362 1.18076 0.885995 0.845237 46.756 0.357854 1.24189 1.09208 6.25894 0.819082 0.950683 2.0053 1.439 0.821512 1.1576 0.415204 0.376223 
1.5319 1.55291 2.26805 1.57227 2.22039 1.45962 0.338368 0.713269 2.16938 2.52345 0.875386 0.900674 1.94888 2.41557 12.4941 2.10282 4.33073 2.57771 0.968989 1.44616 0 1.47762 1.53001 1.58068 0.348495 0.927963 1.73804 0.513766 0.751255 3.20378 1.19358 5.21756 1.63752 1.76721 2.00619 1.91368 1.99988 2.36831 1.7004 1.68349 0.904831 1.17274 2.62043 0.752042 2.21476 1.5109 2.00721 1.35198 2.5085 1.28925 1.7881 0.769464 1.87748 1.14243 1.87505 1.10126 1.44184 1.7881 1.91409 1.15165 2.23035 2.16948 2.69183 1.01647 2.23146 1.5501 0.792511 1.55855 0.99424 1.32785 1.98296 2.22294 0.755573 0.948785 1.28095 1.41717 2.00999 2.41676 0.889269 2.24469 0.972435 0.40264 8.40838 2.44375 1.79363 1.39751 0.94577 13.874 2.47491 92.3505 0.556381 0.933763 2.21848 45.4769 1.69412 0.94995 0.583394 5.00145 1.93209 2.21366 0.707163 0.302336 0.704324 2.45564 1.27851 1.65797 
0.258815 2.76091 0.824705 0.149265 0.815651 0.481868 1.33826 0.931248 0.733704 1.05957 1.5768 0.891342 0.52599 0.963768 13.8938 0.68811 5.71688 1.12189 0.592462 0.413935 1.47762 0 0.421784 0.245681 1.23371 0.610443 0.342557 1.45493 2.10891 4.59943 0.691335 6.658 0.623201 0.350191 0.719931 0.881153 0.552532 0.919841 0.283542 0.630216 0.844004 0.71329 1.17279 0.930785 0.763031 0.602939 0.57768 0.540312 1.05229 0.519002 0.78225 1.524 0.690471 0.685769 0.474842 0.7867 0.412589 0.42553 3.33962 0.653871 0.792337 0.724987 1.24025 0.515415 0.778302 0.520939 2.15581 0.420121 0.505537 2.60494 0.929231 0.789692 1.71159 1.24512 2.42694 0.158054 0.588519 0.960019 1.27586 0.796497 1.98245 1.33133 9.80834 0.990638 0.492667 0.20566 0.818145 15.3024 1.01986 93.776 1.23256 1.1643 0.772552 46.9014 0.542643 1.39477 1.06128 6.40356 0.76696 0.749489 1.96086 1.47553 0.832202 0.998935 0.235234 0.369891 
0.362291 2.85175 0.898982 0.451201 0.819333 0.154276 1.37817 0.960175 0.826395 1.13708 1.55336 1.01439 0.661059 1.04102 13.9588 0.773917 5.74734 1.18638 0.724742 0.635063 1.53001 0.421784 0 0.456012 1.34089 0.737284 0.574132 1.55016 2.1926 4.65399 0.75655 6.69464 0.791652 0.527961 0.598265 0.637037 0.662153 0.899388 0.40031 0.770556 0.955232 1.0047 1.26302 1.14515 0.902159 0.620893 0.811189 0.283783 1.13016 0.431846 0.498049 1.62701 0.605668 0.811408 0.67437 0.865098 0.227524 0.411206 3.39351 0.772571 0.836364 0.879037 1.34516 0.647772 0.901957 0.497016 2.22016 0.384567 0.678814 2.65088 0.646253 0.89007 1.78896 1.29505 2.45179 0.374851 0.716579 1.02226 1.2568 0.961572 2.08031 1.37423 9.86169 1.09414 0.401954 0.482307 0.779446 15.3555 1.09476 93.8308 1.32674 1.28367 0.871451 46.9503 0.752458 1.52453 1.15724 6.45133 0.560301 0.831799 2.02154 1.4807 0.96345 1.0853 0.485105 0.404938 
0.377637 2.91974 0.705486 0.258629 0.718639 0.540842 1.43764 1.05818 0.616668 0.973537 1.75013 1.07899 0.546324 0.859883 14.0309 0.701929 5.8532 1.03002 0.760124 0.620154 1.58068 0.245681 0.456012 0 1.35821 0.754934 0.323376 1.55525 2.23669 4.72734 0.878874 6.76717 0.759475 0.357496 0.770061 0.953919 0.488052 0.84594 0.28208 0.749652 1.02526 0.880649 1.07651 1.03694 0.719676 0.747981 0.610604 0.542732 0.964751 0.625218 0.716246 1.70651 0.728183 0.902208 0.529385 0.983532 0.466027 0.405678 3.45255 0.853079 0.699501 0.644276 1.15095 0.676735 0.701211 0.665271 2.28278 0.471004 0.644836 2.76017 0.813394 0.778981 1.88393 1.44318 2.59564 0.261779 0.444412 0.870334 1.44043 0.741391 2.15792 1.46558 9.94622 0.901178 0.468828 0.370118 0.960986 15.4237 0.916502 93.9011 1.37747 1.34414 0.779077 47.0291 0.658081 1.58903 1.16259 6.53981 0.750377 0.678253 2.03211 1.59582 0.969632 0.913303 0.400951 0.509874 
1.29754 1.63873 2.04263 1.3243 2.01125 1.27735 0.301573 0.514816 1.94608 2.28449 0.826309 0.636194 1.70155 2.18392 12.6848 1.85345 4.52085 2.34576 0.706012 1.19186 0.348495 1.23371 1.34089 1.35821 0 0.676265 1.48548 0.43435 0.911524 3.38823 0.940807 5.44433 1.4052 1.53002 1.79386 1.70929 1.76022 2.13909 1.47168 1.46131 0.643203 0.909753 2.38601 0.478084 1.97235 1.28671 1.74365 1.20695 2.27423 1.08048 1.66141 0.642418 1.68708 0.871199 1.62272 0.860477 1.25441 1.55362 2.12283 0.90086 2.00903 1.93117 2.45259 0.760299 1.99402 1.32583 0.948045 1.35878 0.745479 1.45146 1.85911 1.97495 0.729411 0.73479 1.35326 1.18744 1.77644 2.18425 0.77372 1.99831 0.945375 0.3332 8.60552 2.20743 1.58713 1.16381 0.742731 14.0803 2.24348 92.5561 0.323534 0.753575 1.9681 45.6828 1.45925 0.733729 0.350876 5.19577 1.76407 1.97404 0.868369 0.431286 0.439631 2.21938 1.03518 1.41693 
0.635523 2.17746 1.41764 0.701378 1.38835 0.683072 0.796707 0.374495 1.32937 1.65216 1.03194 0.387116 1.05314 1.56637 13.3062 1.19869 5.11608 1.71526 0.173983 0.59049 0.927963 0.610443 0.737284 0.754934 0.676265 0 0.845286 0.927435 1.52572 4.00836 0.413752 6.06104 0.824011 0.938159 1.19673 1.11041 1.11043 1.5011 0.862526 0.875935 0.333407 0.534933 1.77187 0.513019 1.34634 0.677899 1.12596 0.663783 1.64581 0.491701 1.11902 0.97732 1.06031 0.406556 0.984546 0.425154 0.668197 0.92581 2.75546 0.391456 1.38874 1.32381 1.83539 0.208423 1.38054 0.697247 1.58316 0.725561 0.18716 2.01733 1.30103 1.32746 1.14179 0.752472 1.8562 0.550254 1.17222 1.5581 0.749483 1.38566 1.41507 0.737291 9.21418 1.58643 0.936419 0.550804 0.379941 14.7132 1.62119 93.1867 0.676263 0.70158 1.3337 46.3093 0.86721 0.886297 0.53633 5.81097 1.14002 1.34792 1.44869 0.925394 0.307192 1.58982 0.428731 0.770989 
0.326294 2.96454 0.639227 0.274585 0.678905 0.62932 1.58434 1.14527 0.580154 0.850593 1.78777 1.09918 0.337991 0.787876 14.1172 0.470307 5.93398 0.922273 0.839526 0.557795 1.73804 0.342557 0.574132 0.323376 1.48548 0.845286 0 1.68265 2.34531 4.82341 0.834315 6.87305 0.640069 0.42662 0.764408 0.846924 0.308346 0.750291 0.37761 0.645145 1.04487 0.884547 0.990188 1.16619 0.596265 0.639253 0.432172 0.720253 0.859677 0.668199 0.873299 1.74587 0.672903 0.896959 0.33544 0.973217 0.602759 0.368164 3.57389 0.835375 0.6616 0.583722 1.04345 0.785336 0.630699 0.582201 2.40738 0.460412 0.763832 2.8371 0.939215 0.573884 1.93514 1.45692 2.65798 0.370097 0.435532 0.779879 1.46589 0.630506 2.19753 1.56404 10.0288 0.799465 0.429469 0.459192 1.01965 15.5286 0.83697 93.9995 1.4695 1.35259 0.617301 47.1244 0.553402 1.58144 1.28723 6.63079 0.725068 0.586044 2.19963 1.74776 1.08944 0.796445 0.517303 0.42306 
1.52643 1.57543 2.24728 1.53034 2.24701 1.49308 0.417333 0.766432 2.15271 2.49353 0.989595 0.917201 1.93679 2.39181 12.5266 2.08261 4.37508 2.55703 0.926048 1.4761 0.513766 1.45493 1.55016 1.55525 0.43435 0.927435 1.68265 0 0.84711 3.21032 1.18314 5.29313 1.7107 1.75948 2.04048 1.91494 1.9676 2.33837 1.69094 1.77285 0.906242 1.19928 2.59708 0.629079 2.19879 1.56529 1.97277 1.42356 2.49031 1.3102 1.90622 0.810916 1.97248 1.143 1.86364 1.15286 1.51282 1.74712 1.94436 1.20861 2.22118 2.14401 2.66367 0.970799 2.21505 1.59378 0.815336 1.61084 0.988574 1.38348 2.07303 2.2094 0.866622 0.938309 1.29486 1.41449 1.94914 2.39899 1.01475 2.21547 0.982347 0.509516 8.4698 2.41924 1.82734 1.42063 0.918352 13.9012 2.44554 92.381 0.386346 1.09005 2.20752 45.514 1.74746 0.896665 0.454342 5.04404 2.01703 2.17938 0.578684 0.543357 0.670773 2.43365 1.25226 1.65793 
2.14466 0.858499 2.91526 2.18917 2.88178 2.11258 0.941638 1.30904 2.81717 3.15261 1.03627 1.35065 2.54913 3.06387 11.7986 2.69221 3.65053 3.21109 1.54596 2.00491 0.751255 2.10891 2.1926 2.23669 0.911524 1.52572 2.34531 0.84711 0 2.5182 1.69541 4.56796 2.17517 2.41375 2.64559 2.49311 2.62218 3.01045 2.35538 2.24009 1.38124 1.65226 3.25537 1.28343 2.82847 2.06908 2.59165 2.0385 3.14098 1.92172 2.48951 0.826748 2.49453 1.63674 2.46187 1.58241 2.11705 2.43449 1.26463 1.67817 2.87907 2.80033 3.31669 1.62272 2.87029 2.13377 0.352554 2.18401 1.61039 0.718366 2.68592 2.81827 0.667038 1.23793 0.828296 2.05506 2.65689 3.06092 1.23787 2.85777 0.629292 0.840283 7.71504 3.07369 2.43915 2.01731 1.50342 13.2025 3.11659 91.6737 0.952394 1.27645 2.82482 44.7994 2.25237 1.07523 1.16124 4.31092 2.5726 2.84706 0.755653 0.826119 1.28581 3.08399 1.89712 2.25534 
4.62568 1.99349 5.41424 4.67847 5.38319 4.56514 3.33858 3.74551 5.31895 5.64696 3.26149 3.80241 5.03516 5.55972 9.33035 5.16692 1.24595 5.71056 4.02254 4.48469 3.20378 4.59943 4.65399 4.72734 3.38823 4.00836 4.82341 3.21032 2.5182 0 4.12328 2.21453 4.64998 4.90452 5.10045 4.86677 5.10814 5.49058 4.84111 4.71895 3.83651 4.13452 5.75627 3.74795 5.32763 4.51172 5.0771 4.49954 5.64117 4.3579 4.94841 3.19061 4.97198 4.08049 4.95144 4.01908 4.5895 4.89032 1.31865 4.13622 5.3786 5.30042 5.81614 4.09668 5.36833 4.58339 2.46853 4.67083 4.10649 2.07676 5.13455 5.30263 2.99971 3.55645 2.34629 4.54851 5.1393 5.55592 3.57191 5.35546 2.73796 3.29735 5.28089 5.57366 4.91757 4.52223 3.91708 10.7151 5.61389 89.1895 3.38186 3.69133 5.30725 42.3142 4.74476 3.38966 3.58733 1.85002 5.04002 5.3375 2.83473 3.21042 3.77377 5.58277 4.39073 4.72676 
0.592475 2.24178 1.41484 0.739709 1.36832 0.670044 1.05692 0.559031 1.34401 1.60219 1.01763 0.429486 0.961967 1.55425 13.4002 1.08239 5.19059 1.67088 0.401956 0.492563 1.19358 0.691335 0.75655 0.878874 0.940807 0.413752 0.834315 1.18314 1.69541 4.12328 0 6.18278 0.692681 0.984717 1.13971 0.898491 1.06801 1.43848 0.905258 0.754165 0.34051 0.62829 1.74857 0.852231 1.30431 0.450943 1.07607 0.771276 1.60646 0.474693 1.16787 1.04398 0.950011 0.370266 0.905375 0.354377 0.719965 0.902502 2.91862 0.241791 1.3789 1.33253 1.80064 0.466183 1.37412 0.506676 1.76534 0.676968 0.501362 2.08978 1.33851 1.21739 1.21534 0.72854 1.90161 0.637113 1.2188 1.52459 0.713225 1.36308 1.47399 0.89966 9.29381 1.55889 0.887504 0.63803 0.405958 14.8282 1.6034 93.2881 0.860604 0.668314 1.23716 46.4038 0.787287 0.884694 0.824368 5.9034 1.05036 1.31849 1.72571 1.14612 0.622744 1.54683 0.574548 0.655369 
6.67101 4.06386 7.4543 6.74043 7.40815 6.59842 5.38146 5.78409 7.35975 7.69815 5.30919 5.86884 7.08338 7.60919 7.43719 7.21712 1.3515 7.75626 6.09435 6.53577 5.21756 6.658 6.69464 6.76717 5.44433 6.06104 6.87305 5.29313 4.56796 2.21453 6.18278 0 6.66803 6.96674 7.16253 6.90773 7.15336 7.54961 6.89824 6.73054 5.89953 6.17977 7.80526 5.81565 7.37981 6.53388 7.1426 6.50662 7.68808 6.3937 6.93084 5.27378 6.97558 6.1597 7.00205 6.07249 6.61498 6.94999 3.36747 6.1832 7.42538 7.35337 7.86574 6.17013 7.42082 6.61783 4.55974 6.68512 6.15952 4.17443 7.10623 7.35027 5.0618 5.65309 4.4645 6.59074 7.19343 7.60518 5.59746 7.4118 4.83768 5.34545 3.39033 7.62184 6.9396 6.56661 5.97676 8.75024 7.66433 87.1916 5.47895 5.70816 7.36886 40.314 6.77221 5.48384 5.64894 1.01189 7.03257 7.39838 4.87084 5.25459 5.84078 7.62937 6.45042 6.78612 
0.50846 2.76309 1.02512 0.621531 0.951985 0.776647 1.56799 1.09452 0.962281 1.17033 1.63803 0.960656 0.570161 1.15222 13.8904 0.750478 5.71106 1.22142 0.84229 0.336719 1.63752 0.623201 0.791652 0.759475 1.4052 0.824011 0.640069 1.7107 2.17517 4.64998 0.692681 6.66803 0 0.744951 0.996617 0.998087 0.740942 1.10333 0.73594 0.224468 0.87708 0.674585 1.29228 1.20148 0.855252 0.417932 0.716345 0.860631 1.15512 0.766552 1.00003 1.58875 0.542546 0.84445 0.490858 0.866952 0.710731 0.823874 3.43343 0.580131 0.997042 0.929408 1.32959 0.848639 0.964985 0.468126 2.29431 0.489258 0.786248 2.62899 1.16165 0.762246 1.75269 1.35926 2.50297 0.596489 0.973888 1.11366 1.30142 0.925116 2.02812 1.43758 9.76342 1.11491 0.638936 0.505292 1.01179 15.3231 1.19166 93.7694 1.4201 0.993297 0.811017 46.887 0.265314 1.45319 1.33569 6.40479 0.755356 0.958087 2.22929 1.65814 1.0658 1.10017 0.665703 0.498522 
0.479652 3.06925 0.577263 0.326837 0.562893 0.637459 1.62981 1.24614 0.483579 0.798259 1.86812 1.19795 0.432694 0.681614 14.1905 0.575839 6.02427 0.854937 0.910491 0.620521 1.76721 0.350191 0.527961 0.357496 1.53002 0.938159 0.42662 1.75948 2.41375 4.90452 0.984717 6.96674 0.744951 0 0.523273 0.927997 0.434526 0.665161 0.168674 0.71529 1.15914 0.973325 0.887688 1.22338 0.52177 0.802304 0.424938 0.712355 0.781473 0.77554 0.723525 1.81949 0.655564 0.955265 0.421576 1.0691 0.534608 0.400227 3.64262 0.930092 0.516871 0.457559 0.965278 0.82763 0.494916 0.692262 2.45026 0.570125 0.822636 2.90472 0.844519 0.618566 2.01214 1.52694 2.71885 0.451093 0.403667 0.683092 1.57445 0.545284 2.28203 1.64591 10.1096 0.723921 0.485591 0.456824 1.12481 15.6007 0.74457 94.0731 1.54066 1.44927 0.545118 47.1997 0.612657 1.69188 1.37284 6.7044 0.730174 0.483084 2.24605 1.76056 1.14202 0.740684 0.550663 0.452945 
0.69131 3.25427 0.729056 0.703353 0.597364 0.683691 1.86688 1.44446 0.690315 0.845083 1.9365 1.38811 0.610003 0.777027 14.3709 0.617536 6.17855 0.886452 1.16316 0.881889 2.00619 0.719931 0.598265 0.770061 1.79386 1.19673 0.764408 2.04048 2.64559 5.10045 1.13971 7.16253 0.996617 0.523273 0 0.691072 0.642065 0.601633 0.511786 0.947037 1.36418 1.31496 0.954866 1.57769 0.681623 0.919746 0.672706 0.837188 0.833778 0.896089 0.65111 1.99452 0.679604 1.10764 0.679835 1.19257 0.651738 0.543217 3.86256 1.13867 0.60715 0.701737 1.03147 1.08991 0.664349 0.766861 2.66636 0.710702 1.12616 3.06546 0.765941 0.71809 2.17613 1.6271 2.83342 0.772561 0.731747 0.729161 1.65339 0.742657 2.45418 1.84697 10.2928 0.830534 0.537716 0.78215 1.26286 15.7937 0.826732 94.2577 1.77508 1.67414 0.624449 47.3751 0.905208 1.86553 1.64697 6.87827 0.631772 0.60591 2.52548 1.94022 1.41814 0.813484 0.881895 0.583035 
0.686361 3.02056 1.10185 0.868332 1.00096 0.601808 1.73742 1.24748 1.08737 1.22002 1.64601 1.24265 0.799335 1.20138 14.1371 0.774966 5.89901 1.27765 1.09568 0.911239 1.91368 0.881153 0.637037 0.953919 1.70929 1.11041 0.846924 1.91494 2.49311 4.86677 0.898491 6.90773 0.998087 0.927997 0.691072 0 0.839294 0.959539 0.827627 0.978945 1.19583 1.34911 1.39357 1.58558 1.07449 0.693806 0.990643 0.813971 1.23946 0.693582 0.864964 1.83022 0.750568 1.01755 0.872589 1.02184 0.721732 0.656226 3.66998 1.00347 1.05145 1.13447 1.44973 1.06334 1.11096 0.598253 2.51985 0.697339 1.12319 2.83782 0.917057 0.941828 1.98631 1.40778 2.58652 0.848223 1.03823 1.14358 1.3543 1.15751 2.25199 1.66204 10.0379 1.24025 0.614099 0.937231 1.01525 15.5586 1.24217 94.0137 1.63545 1.51038 0.954141 47.1227 1.02135 1.66709 1.52499 6.6381 0.6541 1.00772 2.41764 1.81606 1.36512 1.19805 0.964968 0.631055 
0.51091 3.24101 0.373326 0.474793 0.418204 0.746267 1.85474 1.40704 0.344917 0.569299 2.02348 1.35531 0.219452 0.52276 14.3998 0.278449 6.21139 0.637034 1.10223 0.738167 1.99988 0.552532 0.662153 0.488052 1.76022 1.11043 0.308346 1.9676 2.62218 5.10814 1.06801 7.15336 0.740942 0.434526 0.642065 0.839294 0 0.472871 0.425901 0.707432 1.30409 1.12281 0.723872 1.44793 0.35712 0.784784 0.348973 0.846659 0.57787 0.867316 0.81981 2.00647 0.592127 1.12544 0.309782 1.19666 0.713165 0.401841 3.85553 1.06099 0.407249 0.379645 0.77738 1.04215 0.392991 0.701931 2.68415 0.56751 1.02605 3.10737 0.835237 0.332009 2.19423 1.69638 2.9201 0.587958 0.330413 0.500503 1.69549 0.415754 2.46687 1.83128 10.306 0.535248 0.388864 0.651767 1.26293 15.8144 0.564207 94.285 1.74736 1.58592 0.388466 47.4081 0.628291 1.8426 1.56947 6.91005 0.616888 0.335848 2.47655 2.00008 1.3595 0.518997 0.755905 0.505615 
0.894546 3.63426 0.310556 0.838807 0.333081 1.00139 2.21468 1.78442 0.369171 0.329475 2.36543 1.73889 0.562818 0.30769 14.7869 0.501702 6.5931 0.371116 1.47309 1.10858 2.36831 0.919841 0.899388 0.84594 2.13909 1.5011 0.750291 2.33837 3.01045 5.49058 1.43848 7.54961 1.10333 0.665161 0.601633 0.959539 0.472871 0 0.687719 1.05238 1.69095 1.53352 0.469334 1.83438 0.403165 1.14441 0.606684 1.11984 0.348142 1.20554 0.905619 2.38005 0.790112 1.47584 0.668679 1.56276 0.989356 0.651246 4.23636 1.43894 0.271446 0.427728 0.541592 1.40014 0.359772 1.02881 3.05038 0.915553 1.40821 3.4752 0.854829 0.440671 2.5718 2.03939 3.2664 0.972242 0.50495 0.258932 2.05442 0.439329 2.84632 2.20826 10.6965 0.366943 0.67641 1.02389 1.60549 16.2007 0.322082 94.6736 2.11574 1.97756 0.395824 47.7957 0.979445 2.22219 1.94658 7.29108 0.75204 0.257971 2.8323 2.34279 1.73463 0.332507 1.1223 0.807735 
0.387121 3.01323 0.621279 0.273104 0.590636 0.509795 1.55488 1.15634 0.533809 0.857072 1.78812 1.13903 0.438106 0.744169 14.1382 0.581971 5.95638 0.915833 0.840262 0.58652 1.7004 0.283542 0.40031 0.28208 1.47168 0.862526 0.37761 1.69094 2.35538 4.84111 0.905258 6.89824 0.73594 0.168674 0.511786 0.827627 0.425901 0.687719 0 0.706021 1.09235 0.960458 0.964657 1.17959 0.598456 0.727793 0.497319 0.590803 0.849078 0.657091 0.643008 1.76901 0.616634 0.904896 0.443181 1.00534 0.432865 0.285328 3.57777 0.874721 0.566078 0.542688 1.04371 0.753612 0.575411 0.60088 2.38687 0.476977 0.756312 2.83795 0.765087 0.655321 1.95506 1.46448 2.6502 0.360796 0.416674 0.736868 1.48988 0.632862 2.22823 1.56851 10.0528 0.794806 0.39701 0.414931 1.02122 15.5429 0.806949 94.018 1.47502 1.39693 0.599642 47.1429 0.623748 1.64216 1.29174 6.64432 0.661582 0.537875 2.17756 1.6832 1.07944 0.802906 0.48671 0.389216 
0.516722 2.83848 0.974168 0.629226 0.883939 0.76403 1.61654 1.14267 0.91331 1.11843 1.6936 1.03074 0.538909 1.09896 13.9604 0.722036 5.77781 1.16583 0.894526 0.372566 1.68349 0.630216 0.770556 0.749652 1.46131 0.875935 0.645145 1.77285 2.24009 4.71895 0.754165 6.73054 0.224468 0.71529 0.947037 0.978945 0.707432 1.05238 0.706021 0 0.946897 0.730793 1.23946 1.26221 0.809793 0.438864 0.701223 0.842009 1.10142 0.777432 0.931458 1.66004 0.46019 0.905604 0.470602 0.924275 0.683856 0.79989 3.49663 0.643514 0.941247 0.888429 1.27724 0.892729 0.915815 0.456668 2.35437 0.463326 0.830622 2.69274 1.09091 0.720303 1.8196 1.4231 2.56725 0.602858 0.946547 1.05577 1.35572 0.886566 2.10065 1.49484 9.83052 1.06595 0.592057 0.516755 1.05819 15.3907 1.13856 93.8374 1.48507 1.05373 0.764131 46.9543 0.269793 1.53057 1.38741 6.47179 0.68561 0.915356 2.28298 1.70004 1.12023 1.04949 0.693036 0.488623 
0.817864 1.95535 1.6334 0.909826 1.59569 0.874858 0.806471 0.395001 1.54887 1.84068 0.81305 0.171205 1.20761 1.77699 13.1137 1.33939 4.92246 1.90543 0.332821 0.67225 0.904831 0.844004 0.955232 1.02526 0.643203 0.333407 1.04487 0.906242 1.38124 3.83651 0.34051 5.89953 0.87708 1.15914 1.36418 1.19583 1.30409 1.69095 1.09235 0.946897 0 0.54767 1.96937 0.618142 1.52353 0.726779 1.28194 0.900581 1.83718 0.672721 1.34424 0.743137 1.19504 0.359961 1.1307 0.323342 0.892884 1.14044 2.61924 0.340727 1.59696 1.52956 2.02392 0.4406 1.58469 0.786189 1.46421 0.892564 0.44953 1.81595 1.53404 1.47191 0.915176 0.530019 1.64792 0.790757 1.41095 1.75812 0.555108 1.56933 1.18696 0.611928 9.01504 1.78084 1.13341 0.759424 0.389008 14.541 1.82699 93.0043 0.572861 0.460151 1.48475 46.1233 0.964063 0.621986 0.60065 5.62128 1.29737 1.54545 1.44477 0.879714 0.388462 1.77848 0.662059 0.907192 
0.764579 2.25105 1.40489 0.757988 1.38958 0.980132 1.14228 0.805478 1.31259 1.59507 1.30234 0.576405 1.01133 1.53822 13.3678 1.17173 5.23971 1.65429 0.538554 0.52001 1.17274 0.71329 1.0047 0.880649 0.909753 0.534933 0.884547 1.19928 1.65226 4.13452 0.62829 6.17977 0.674585 0.973325 1.31496 1.34911 1.12281 1.53352 0.960458 0.730793 0.54767 0 1.69266 0.666885 1.25842 0.769921 1.02056 0.983444 1.58336 0.857653 1.32093 1.08131 1.08661 0.586458 0.899006 0.635464 0.917493 1.09858 2.90869 0.490163 1.3796 1.25966 1.73541 0.58998 1.33399 0.82172 1.77624 0.82602 0.485905 2.16303 1.51246 1.25243 1.26224 1.00286 2.05371 0.698848 1.22034 1.5272 1.03999 1.28567 1.5204 1.00676 9.27656 1.51351 1.0589 0.580962 0.831902 14.8029 1.58216 93.2548 0.943546 0.660572 1.2711 46.3814 0.685337 0.972872 0.897846 5.90535 1.25161 1.33267 1.71269 1.2434 0.617367 1.52416 0.583862 0.84927 
1.19849 3.88895 0.397856 1.08966 0.509011 1.37155 2.49184 2.08594 0.471861 0.199319 2.69284 2.00754 0.800748 0.255286 15.0298 0.751785 6.87539 0.152509 1.75045 1.34607 2.62043 1.17279 1.26302 1.07651 2.38601 1.77187 0.990188 2.59708 3.25537 5.75627 1.74857 7.80526 1.29228 0.887688 0.954866 1.39357 0.723872 0.469334 0.964657 1.23946 1.96937 1.69266 0 2.03685 0.458899 1.45001 0.731316 1.45077 0.177288 1.55223 1.2137 2.63968 1.06691 1.75471 0.86589 1.85008 1.31316 1.00775 4.49391 1.71169 0.435322 0.457761 0.114263 1.67988 0.406462 1.35621 3.31456 1.21004 1.65775 3.75863 1.16731 0.60542 2.83806 2.34771 3.57393 1.24016 0.691949 0.272018 2.37508 0.415678 3.11001 2.4926 10.9474 0.19613 1.00719 1.25149 1.94536 16.4496 0.198678 94.9167 2.39147 2.21426 0.57762 48.0457 1.13752 2.48493 2.21531 7.55402 1.08496 0.455174 3.08164 2.63245 1.98928 0.221375 1.37653 1.13 
1.05113 1.98973 1.70894 1.00636 1.71896 1.11933 0.66532 0.621326 1.60968 1.94714 1.16386 0.628996 1.40888 1.84693 13.0327 1.56743 4.90501 2.00902 0.515346 0.968246 0.752042 0.930785 1.14515 1.03694 0.478084 0.513019 1.16619 0.629079 1.28343 3.74795 0.852231 5.81565 1.20148 1.22338 1.57769 1.58558 1.44793 1.83438 1.17959 1.26221 0.618142 0.666885 2.03685 0 1.64003 1.15471 1.41125 1.0584 1.93913 0.961125 1.4994 0.914952 1.49707 0.758586 1.32153 0.823028 1.08729 1.28794 2.4833 0.809972 1.68675 1.58221 2.0987 0.536626 1.6593 1.17068 1.32932 1.15027 0.499063 1.85112 1.67946 1.67396 1.07434 0.910855 1.7449 0.914195 1.42658 1.85721 1.00771 1.6486 1.28396 0.697595 8.9704 1.86242 1.35758 0.883951 0.742249 14.4281 1.90014 92.9011 0.531269 0.867916 1.66823 46.0355 1.20352 0.891986 0.408572 5.56333 1.5834 1.64424 1.1246 0.834034 0.311198 1.88271 0.741291 1.18411 
0.77385 3.44591 0.279423 0.677642 0.349279 0.998219 2.09345 1.6672 0.262357 0.352105 2.25403 1.56276 0.368519 0.341091 14.5962 0.3811 6.43596 0.405459 1.32277 0.894434 2.21476 0.763031 0.902159 0.719676 1.97235 1.34634 0.596265 2.19879 2.82847 5.32763 1.30431 7.37981 0.855252 0.52177 0.681623 1.07449 0.35712 0.403165 0.598456 0.809793 1.52353 1.25842 0.458899 1.64003 0 1.01996 0.308054 1.09572 0.334094 1.15486 0.964403 2.19646 0.702851 1.31435 0.414225 1.4067 0.939711 0.675945 4.07564 1.26353 0.265113 0.183458 0.506636 1.26308 0.193114 0.932492 2.89741 0.80264 1.23974 3.31992 0.99077 0.258207 2.39376 1.90885 3.13726 0.830726 0.452897 0.312698 1.93618 0.116465 2.66739 2.06357 10.5073 0.279104 0.645833 0.824534 1.52592 16.0237 0.358886 94.4877 1.96845 1.76501 0.242555 47.6133 0.697875 2.04011 1.81522 7.11811 0.779726 0.212026 2.70341 2.22309 1.5704 0.28079 0.960343 0.701255 
